   0.0000000e+00   0.0000000e+00   0.0000000e+00   0.0000000e+00   0.0000000e-01
   6.2500000e-01   6.2500000e-01   0.0000000e+00   0.0000000e+00   0.0000000e-01
   1.2500000e-00   1.2500000e-00   0.0000000e+00   0.0000000e+00   0.0000000e-01
   1.8750000e-00   1.8750000e-00   0.0000000e+00   0.0000000e+00   0.0000000e-01
   2.5000000e-00   2.5000000e-00   0.0000000e+00   0.0000000e+00   0.0000000e-01
   3.1250000e-00   3.1250000e-00   0.0000000e+00   0.0000000e+00   0.0000000e-01
   3.7500000e-00   3.7500000e-00   0.0000000e+00   0.0000000e+00   0.0000000e-01
   4.3750000e-00   4.3750000e-00   0.0000000e+00   0.0000000e+00   0.0000000e-01
   5.00000000e+0   5.0000000e+00   0.0000000e+00  -4.9087385e-02  -4.0000000e-01
   5.24533800e+0   5.2450430e+00  -2.4538183e-02  -1.4726216e-01  -4.0000000e-01
   5.49067700e+0   5.4877260e+00  -4.8036799e-02  -2.4543693e-01  -4.0000000e-01
   5.73601500e+0   5.7257120e+00  -1.0764916e-01  -3.4361170e-01  -4.0000000e-01
   5.98135300e+0   5.9567090e+00  -1.9030117e-01  -4.4178647e-01  -4.0000000e-01
   6.22669200e+0   6.1784920e+00  -2.9519684e-01  -5.3996124e-01  -4.0000000e-01
   6.47203000e+0   6.3889260e+00  -4.2132597e-01  -6.3813601e-01  -4.0000000e-01
   6.71736900e+0   6.5859830e+00  -5.6747387e-01  -7.3631078e-01  -4.0000000e-01
   6.96270700e+0   6.7677670e+00  -7.3223305e-01  -8.3448555e-01  -4.0000000e-01
   7.20804500e+0   6.9452526e+00  -9.1401679e-01  -9.3266032e-01  -4.0000000e-01
   7.45338400e+0   7.0786740e+00  -1.1110744e-00  -1.0308351e+00  -4.0000000e-01
   7.69872200e+0   7.2048030e+00  -1.3215082e-00  -1.1290099e+00  -4.0000000e-01
   7.94406000e+0   7.3096990e+00  -1.5432914e-00  -1.2271846e+00  -4.0000000e-01
   8.18939900e+0   7.3923510e+00  -1.7742883e-00  -1.3253594e+00  -4.0000000e-01
   8.43473700e+0   7.4519630e+00  -2.0122742e-00  -1.4235342e+00  -4.0000000e-01
   8.68007600e+0   7.4879620e+00  -2.2549571e-00  -1.5217089e+00  -4.0000000e-01
   8.92541400e+0   7.5000000e+00  -2.5000000e-00  -1.5707963e+00   0.0000000e-01
   9.55041400e+0   7.5000000e+00  -3.1250000e-00  -1.5707963e+00   0.0000000e-01
   1.01754140e+1   7.5000000e+00  -3.7500000e-00  -1.5707963e+00   0.0000000e-01
   1.08004140e+1   7.5000000e+00  -4.3750000e-00  -1.5707963e+00   0.0000000e-01
   1.14254140e+1   7.5000000e+00  -5.0000000e-00  -1.5707963e+00   0.0000000e-01
   1.20504140e+1   7.5000000e+00  -5.6250000e+00  -1.5707963e+00   0.0000000e-01
   1.26754140e+1   7.5000000e+00  -6.2500000e+00  -1.5707963e+00   0.0000000e-01
   1.33004140e+1   7.5000000e+00  -6.8750000e+00  -1.5707963e+00   0.0000000e-01
   1.39254140e+1   7.5000000e+00  -7.5000000e+00  -1.5707963e+00   0.0000000e-01
   1.45504140e+1   7.5000000e+00  -8.1250000e+00  -1.5707963e+00   0.0000000e-01
   1.51754140e+1   7.5000000e+00  -8.7500000e+00  -1.5707963e+00   0.0000000e-01
   1.58004140e+1   7.5000000e+00  -9.3750000e+00  -1.5707963e+00   0.0000000e-01
   1.64254140e+1   7.5000000e+00  -1.0000000e+01  -1.5707963e+00   0.0000000e-01
   1.70504140e+1   7.5000000e+00  -1.0625000e+01  -1.5707963e+00   0.0000000e-01
   1.76754140e+1   7.5000000e+00  -1.1250000e+01  -1.5707963e+00   0.0000000e-01
   1.83004140e+1   7.5000000e+00  -1.1875000e+01  -1.5707963e+00   0.0000000e-01
   1.89254140e+1   7.5000000e+00  -1.2500000e+01  -1.5707963e+00   0.0000000e-01
   1.95504140e+1   7.5000000e+00  -1.3125000e+01  -1.5707963e+00   0.0000000e-01
   2.01754140e+1   7.5000000e+00  -1.3750000e+01  -1.5707963e+00   0.0000000e-01
   2.08004140e+1   7.5000000e+00  -1.4375000e+01  -1.5707963e+00   0.0000000e-01
   2.14254140e+1   7.5000000e+00  -1.5000000e+01  -1.5707963e+00   0.0000000e-01
   2.20504140e+1   7.5000000e+00  -1.5625000e+01  -1.5707963e+00   0.0000000e-01
   2.26754140e+1   7.5000000e+00  -1.6250000e+01  -1.5707963e+00   0.0000000e-01
   2.33004140e+1   7.5000000e+00  -1.6875000e+01  -1.5707963e+00   0.0000000e-01
   2.39254140e+1   7.5000000e+00  -1.7500000e+01  -1.5707963e+00   0.0000000e-01
   2.45504140e+1   7.5000000e+00  -1.8125000e+01  -1.5707963e+00   0.0000000e-01
   2.51754140e+1   7.5000000e+00  -1.8750000e+01  -1.5707963e+00   0.0000000e-01
   2.58004140e+1   7.5000000e+00  -1.9375000e+01  -1.5707963e+00   0.0000000e-01
   2.64254140e+1   7.5000000e+00  -2.0000000e+01  -1.5207963e+00   4.0000000e-01
   2.66704140e+1   7.5120382e+00  -2.0245042e+01  -1.4235342e+00   4.0000000e-01
   2.69154140e+1   7.5480368e+00  -2.0487725e+01  -1.3253594e+00   4.0000000e-01
   2.71604140e+1   7.6076492e+00  -2.0725711e+01  -1.2271846e+00   4.0000000e-01
   2.74054140e+1   7.6903012e+00  -2.0956708e+01  -1.1290099e+00   4.0000000e-01
   2.76504140e+1   7.7951968e+00  -2.1178491e+01  -1.0308351e+00   4.0000000e-01
   2.78954140e+1   7.9213260e+00  -2.1388892e+01  -9.3266032e-01   4.0000000e-01
   2.81404140e+1   8.0674739e+00  -2.1585983e+01  -8.3448555e-01   4.0000000e-01
   2.83854140e+1   8.2322330e+00  -2.1767767e+01  -7.3631078e-01   4.0000000e-01
   2.86304140e+1   8.4140168e+00  -2.1932526e+01  -6.3813601e-01   4.0000000e-01
   2.88754140e+1   8.6110744e+00  -2.2078674e+01  -5.3996124e-01   4.0000000e-01
   2.91204140e+1   8.8215082e+00  -2.2204803e+01  -4.4178647e-01   4.0000000e-01
   2.93654140e+1   9.0432914e+00  -2.2309698e+01  -3.4361170e-01   4.0000000e-01
   2.96104140e+1   9.2742883e+00  -2.2389235e+01  -2.4543693e-01   4.0000000e-01
   2.98554140e+1   9.5122742e+00  -2.2451963e+01  -1.4726216e-01   4.0000000e-01
   3.01004140e+1   9.7549571e+00  -2.2487961e+01  -4.9087385e-02   4.0000000e-01
   3.03454140e+1   1.0000000e+01  -2.2500000e+01   0.0000000e+00   0.0000000e-01
   3.09704140e+1   1.0625000e+01  -2.2500000e+01   0.0000000e+00   0.0000000e-01
   3.15954140e+1   1.1250000e+01  -2.2500000e+01   0.0000000e+00   0.0000000e-01
   3.22204140e+1   1.1875000e+01  -2.2500000e+01   0.0000000e+00   0.0000000e-01
   3.28454140e+1   1.2500000e+01  -2.2500000e+01   0.0000000e+00   0.0000000e-01
   3.34704140e+1   1.3125000e+01  -2.2500000e+01   0.0000000e+00   0.0000000e-01
   3.40954140e+1   1.0625000e+01  -2.2500000e+01   0.0000000e+00   0.0000000e-01
   3.47204140e+1   1.1250000e+01  -2.2500000e+01   0.0000000e+00   0.0000000e-01
   3.53454140e+1   1.1875000e+01  -2.2500000e+01   0.0000000e+00   0.0000000e-01
   3.59704140e+1   1.2500000e+01  -2.2500000e+01   0.0000000e+00   0.0000000e-01
   3.65954140e+1   1.3125000e+01  -2.2500000e+01   0.0000000e+00   0.0000000e-01
   3.72204140e+1   1.3750000e+01  -2.2500000e+01   0.0000000e+00   0.0000000e-01
   3.78454140e+1   1.4375000e+01  -2.2500000e+01   0.0000000e+00   0.0000000e-01     
   3.84704140e+1   1.5000000e+01  -2.2500000e+01   0.0000000e+00   0.0000000e-01
   3.90954140e+1   1.5625000e+01  -2.2500000e+01   0.0000000e+00   0.0000000e-01
   3.97204140e+1   1.6250000e+01  -2.2500000e+01   0.0000000e+00   0.0000000e-01
   4.03454140e+1   1.6875000e+01  -2.2500000e+01   0.0000000e+00   0.0000000e-01
   4.09704140e+1   1.7500000e+01  -2.2500000e+01   0.0000000e+00   0.0000000e-01
   4.15954140e+1   1.8125000e+01  -2.2500000e+01   0.0000000e+00   0.0000000e-01
   4.22204140e+1   1.8750000e+01  -2.2500000e+01   0.0000000e+00   0.0000000e-01
   4.28454140e+1   1.9375000e+01  -2.2500000e+01   0.0000000e+00   0.0000000e-01
   4.34704140e+1   2.0000000e+01  -2.2500000e+01   0.0000000e+00   0.0000000e-01
   4.40954140e+1   2.0625000e+01  -2.2500000e+01   0.0000000e+00   0.0000000e-01
   4.47204140e+1   2.1250000e+01  -2.2500000e+01   0.0000000e+00   0.0000000e-01
   4.53454140e+1   2.1875000e+01  -2.2500000e+01   0.0000000e+00   0.0000000e-01
   4.59704140e+1   2.2500000e+01  -2.2500000e+01   0.0000000e+00   0.0000000e-01
   4.65954140e+1   2.3125000e+01  -2.2500000e+01   0.0000000e+00   0.0000000e-01
   4.72204140e+1   2.3750000e+01  -2.2500000e+01   0.0000000e+00   0.0000000e-01
   4.78454140e+1   2.4375000e+01  -2.2500000e+01   0.0000000e+00   0.0000000e-01
   4.84704140e+1   2.5000000e+01  -2.2500000e+01   0.0000000e+00   0.0000000e-01
   4.90954140e+1   2.5625000e+01  -2.2500000e+01   0.0000000e+00   0.0000000e-01
   4.97204140e+1   2.6250000e+01  -2.2500000e+01   0.0000000e+00   0.0000000e-01
   5.03454140e+1   2.6875000e+01  -2.2500000e+01   0.0000000e+00   0.0000000e-01
   5.09704140e+1   2.7500000e+01  -2.2500000e+01   0.0000000e+00   0.0000000e-01
   5.15954140e+1   2.8125000e+01  -2.2500000e+01   0.0000000e+00   0.0000000e-01
   5.22204140e+1   2.8750000e+01  -2.2500000e+01   0.0000000e+00   0.0000000e-01
   5.28454140e+1   2.9375000e+01  -2.2500000e+01   0.0000000e+00   0.0000000e-01
   5.34704140e+1   3.0000000e+01  -2.2500000e+01   0.0000000e+00   0.0000000e-01
   5.40954140e+1   3.0625000e+01  -2.2500000e+01   0.0000000e+00   0.0000000e-01
   5.47204140e+1   3.1250000e+01  -2.2500000e+01   0.0000000e+00   0.0000000e-01