   0.0000000e+00   0.0000000e+00   0.0000000e+00   0.0000000e+00   0.0000000e+00
   6.2500000e-01   6.2500000e-01   0.0000000e+00   0.0000000e+00   0.0000000e+00
   1.2500000e-00   1.2500000e-00   0.0000000e+00   0.0000000e+00   0.0000000e+00
   1.8750000e-00   1.8750000e-00   0.0000000e+00   0.0000000e+00   0.0000000e+00
   2.5000000e-00   2.5000000e-00   0.0000000e+00   0.0000000e+00   0.0000000e+00
   3.1250000e-00   3.1250000e-00   0.0000000e+00   0.0000000e+00   0.0000000e+00
   3.7500000e-00   3.7500000e-00   0.0000000e+00   0.0000000e+00   0.0000000e+00
   4.3750000e-00   4.3750000e-00   0.0000000e+00   0.0000000e+00   0.0000000e+00
   5.0000000e-00   5.0000000e-00   0.0000000e+00   0.0000000e+00   0.0000000e+00
   5.6250000e-00   5.6250000e-00   0.0000000e+00   0.0000000e+00   0.0000000e+00
   6.2500000e-00   6.2500000e-00   0.0000000e+00   0.0000000e+00   0.0000000e+00
   6.8750000e-00   6.8750000e-00   0.0000000e+00   0.0000000e+00   0.0000000e+00
   7.5000000e-00   7.5000000e-00   0.0000000e+00   0.0000000e+00   0.0000000e+00
   8.1250000e-00   8.1250000e-00   0.0000000e+00   0.0000000e+00   0.0000000e+00
   8.7500000e-00   8.7500000e-00   0.0000000e+00   0.0000000e+00   0.0000000e+00
   9.3750000e-00   9.3750000e-00   0.0000000e+00   0.0000000e+00   0.0000000e+00
   1.0000000e+01   1.0000000e+01   0.0000000e+00  -4.9087385e-02  -4.0000000e+00
   1.0245338e+01   1.0245043e+01  -1.2038183e-02  -1.4726216e-01  -4.0000000e+00
   1.0490677e+01   1.0487726e+01  -4.8036799e-02  -2.4543693e-01  -4.0000000e+00
   1.0736015e+01   1.0725712e+01  -1.0764916e-01  -3.4361170e-01  -4.0000000e+00
   1.0981353e+01   1.0956709e+01  -1.9030117e-01  -4.4178647e-01  -4.0000000e+00
   1.1226692e+01   1.1178492e+01  -2.9519684e-01  -5.3996124e-01  -4.0000000e+00
   1.1472030e+01   1.1388926e+01  -4.2132597e-01  -6.3813601e-01  -4.0000000e+00
   1.1717369e+01   1.1585983e+01  -5.6747387e-01  -7.3631078e-01  -4.0000000e+00
   1.1962707e+01   1.1767767e+01  -7.3223305e-01  -8.3448555e-01  -4.0000000e+00
   1.2208045e+01   1.1932526e+01  -9.1401679e-01  -9.3266032e-01  -4.0000000e+00
   1.2453384e+01   1.2078674e+01  -1.1110744e-00  -1.0308351e+00  -4.0000000e+00
   1.2698722e+01   1.2204803e+01  -1.3215082e-00  -1.1290099e+00  -4.0000000e+00
   1.2944060e+01   1.2309699e+01  -1.5432914e-00  -1.2271846e+00  -4.0000000e+00
   1.3189399e+01   1.2392351e+01  -1.7742883e-00  -1.3253594e+00  -4.0000000e+00
   1.3434737e+01   1.2451963e+01  -2.0122742e-00  -1.4235342e+00  -4.0000000e+00
   1.3680076e+01   1.2487962e+01  -2.2549571e-00  -1.5217089e+00  -4.0000000e+00
   1.3925414e+01   1.2500000e+01  -2.5000000e-00  -1.6198837e+00  -4.0000000e+00
   1.4170752e+01   1.2487962e+01  -2.7450429e-00  -1.7180585e+00  -4.0000000e+00
   1.4416091e+01   1.2451963e+01  -2.9877258e-00  -1.8162333e+00  -4.0000000e+00
   1.4661429e+01   1.2392351e+01  -3.2257117e-00  -1.9144080e+00  -4.0000000e+00
   1.4906767e+01   1.2309699e+01  -3.4567086e-00  -2.0125828e+00  -4.0000000e+00
   1.5152106e+01   1.2204803e+01  -3.6784918e-00  -2.1107576e+00  -4.0000000e+00
   1.5397444e+01   1.2078674e+01  -3.8889256e-00  -2.2089323e+00  -4.0000000e+00
   1.5642783e+01   1.1932526e+01  -4.0859832e-00  -2.3071071e+00  -4.0000000e+00
   1.5888121e+01   1.1767767e+01  -4.2677670e-00  -2.4052819e+00  -4.0000000e+00
   1.6133459e+01   1.1585983e+01  -4.4325261e-00  -2.5034566e+00  -4.0000000e+00
   1.6378798e+01   1.1388926e+01  -4.5786740e-00  -2.6016314e+00  -4.0000000e+00
   1.6624136e+01   1.1178492e+01  -4.7048032e-00  -2.6998062e+00  -4.0000000e+00
   1.6869474e+01   1.0956709e+01  -4.8096988e-00  -2.7979810e+00  -4.0000000e+00
   1.7114813e+01   1.0725712e+01  -4.8923508e-00  -2.8961557e+00  -4.0000000e+00
   1.7360151e+01   1.0487726e+01  -4.9519632e-00  -2.9943305e+00  -4.0000000e+00
   1.7605490e+01   1.0245043e+01  -4.9879618e-00  -3.0925053e+00  -4.0000000e+00
   1.7850828e+01   1.0000000e+01  -5.0000000e-00  -3.0925053e+00   4.0000000e+00
   1.8096166e+01   9.7549571e-00  -5.0120382e-00  -2.9943305e+00   4.0000000e+00
   1.8341505e+01   9.5122742e-00  -5.0480368e-00  -2.8961557e+00   4.0000000e+00
   1.8586843e+01   9.2742883e-00  -5.1076492e-00  -2.7979810e+00   4.0000000e+00
   1.8832181e+01   9.0432914e-00  -5.1903012e-00  -2.6998062e+00   4.0000000e+00
   1.9077520e+01   8.8215082e-00  -5.2951968e-00  -2.6016314e+00   4.0000000e+00
   1.9322858e+01   8.6110744e-00  -5.4213260e-00  -2.5034566e+00   4.0000000e+00
   1.9568196e+01   8.4140168e-00  -5.5674739e-00  -2.4052819e+00   4.0000000e+00
   1.9813535e+01   8.2322330e-00  -5.7322330e-00  -2.3071071e+00   4.0000000e+00
   2.0058873e+01   8.0674739e-00  -5.9140168e-00  -2.2089323e+00   4.0000000e+00
   2.0304212e+01   7.9213260e-00  -6.1110744e-00  -2.1107576e+00   4.0000000e+00
   2.0549550e+01   7.7951968e-00  -6.3215082e-00  -2.0125828e+00   4.0000000e+00
   2.0794888e+01   7.6903012e-00  -6.5432914e-00  -1.9144080e+00   4.0000000e+00
   2.1040227e+01   7.6076492e-00  -6.7742883e-00  -1.8162333e+00   4.0000000e+00
   2.1285565e+01   7.5480368e-00  -7.0122742e-00  -1.7180585e+00   4.0000000e+00
   2.1530903e+01   7.5120382e-00  -7.2549571e-00  -1.6198837e+00   4.0000000e+00
   2.1776242e+01   7.5000000e-00  -7.5000000e-00  -1.5217089e+00   4.0000000e+00
   2.2021580e+01   7.5120382e-00  -7.7450429e-00  -1.4235342e+00   4.0000000e+00
   2.2266919e+01   7.5480368e-00  -7.9877258e-00  -1.3253594e+00   4.0000000e+00
   2.2512257e+01   7.6076492e-00  -8.2257117e-00  -1.2271846e+00   4.0000000e+00
   2.2757595e+01   7.6903012e-00  -8.4567086e-00  -1.1290099e+00   4.0000000e+00
   2.3002934e+01   7.7951968e-00  -8.6784918e-00  -1.0308351e+00   4.0000000e+00
   2.3248272e+01   7.9213260e-00  -8.8889256e-00  -9.3266032e-01   4.0000000e+00
   2.3493610e+01   8.0674739e-00  -9.0859832e-00  -8.3448555e-01   4.0000000e+00
   2.3738949e+01   8.2322330e-00  -9.2677670e-00  -7.3631078e-01   4.0000000e+00
   2.3984287e+01   8.4140168e-00  -9.4325261e-00  -6.3813601e-01   4.0000000e+00
   2.4229626e+01   8.6110744e-00  -9.5786740e-00  -5.3996124e-01   4.0000000e+00
   2.4474964e+01   8.8215082e-00  -9.7048032e-00  -4.4178647e-01   4.0000000e+00
   2.4720302e+01   9.0432914e-00  -9.8096988e-00  -3.4361170e-01   4.0000000e+00
   2.4965641e+01   9.2742883e-00  -9.8923508e-00  -2.4543693e-01   4.0000000e+00
   2.5210979e+01   9.5122742e-00  -9.9519632e-00  -1.4726216e-01   4.0000000e+00
   2.5456317e+01   9.7549571e-00  -9.9879618e-00  -4.9087385e-02   4.0000000e+00
   2.5701656e+01   1.0000000e+01  -1.0000000e+01  -4.9087385e-02  -4.0000000e+00
   2.5946994e+01   1.0245043e+01  -1.0012038e+01  -1.4726216e-01  -4.0000000e+00
   2.6192333e+01   1.0487726e+01  -1.0048037e+01  -2.4543693e-01  -4.0000000e+00
   2.6437671e+01   1.0725712e+01  -1.0107649e+01  -3.4361170e-01  -4.0000000e+00
   2.6683009e+01   1.0956709e+01  -1.0190301e+01  -4.4178647e-01  -4.0000000e+00
   2.6928348e+01   1.1178492e+01  -1.0295197e+01  -5.3996124e-01  -4.0000000e+00
   2.7173686e+01   1.1388926e+01  -1.0421326e+01  -6.3813601e-01  -4.0000000e+00
   2.7419024e+01   1.1585983e+01  -1.0567474e+01  -7.3631078e-01  -4.0000000e+00
   2.7664363e+01   1.1767767e+01  -1.0732233e+01  -8.3448555e-01  -4.0000000e+00
   2.7909701e+01   1.1932526e+01  -1.0914017e+01  -9.3266032e-01  -4.0000000e+00
   2.8155040e+01   1.2078674e+01  -1.1111074e+01  -1.0308351e+00  -4.0000000e+00
   2.8400378e+01   1.2204803e+01  -1.1321508e+01  -1.1290099e+00  -4.0000000e+00
   2.8645716e+01   1.2309699e+01  -1.1543291e+01  -1.2271846e+00  -4.0000000e+00
   2.8891055e+01   1.2392351e+01  -1.1774288e+01  -1.3253594e+00  -4.0000000e+00
   2.9136393e+01   1.2451963e+01  -1.2012274e+01  -1.4235342e+00  -4.0000000e+00
   2.9381731e+01   1.2487962e+01  -1.2254957e+01  -1.5217089e+00  -4.0000000e+00
   2.9627070e+01   1.2500000e+01  -1.2500000e+01  -1.6198837e+00  -4.0000000e+00
   2.9872408e+01   1.2487962e+01  -1.2745043e+01  -1.7180585e+00  -4.0000000e+00
   3.0117746e+01   1.2451963e+01  -1.2987726e+01  -1.8162333e+00  -4.0000000e+00
   3.0363085e+01   1.2392351e+01  -1.3225712e+01  -1.9144080e+00  -4.0000000e+00
   3.0608423e+01   1.2309699e+01  -1.3456709e+01  -2.0125828e+00  -4.0000000e+00
   3.0853762e+01   1.2204803e+01  -1.3678492e+01  -2.1107576e+00  -4.0000000e+00
   3.1099100e+01   1.2078674e+01  -1.3888926e+01  -2.2089323e+00  -4.0000000e+00
   3.1344438e+01   1.1932526e+01  -1.4085983e+01  -2.3071071e+00  -4.0000000e+00
   3.1589777e+01   1.1767767e+01  -1.4267767e+01  -2.4052819e+00  -4.0000000e+00
   3.1835115e+01   1.1585983e+01  -1.4432526e+01  -2.5034566e+00  -4.0000000e+00
   3.2080453e+01   1.1388926e+01  -1.4578674e+01  -2.6016314e+00  -4.0000000e+00
   3.2325792e+01   1.1178492e+01  -1.4704803e+01  -2.6998062e+00  -4.0000000e+00
   3.2571130e+01   1.0956709e+01  -1.4809699e+01  -2.7979810e+00  -4.0000000e+00
   3.2816469e+01   1.0725712e+01  -1.4892351e+01  -2.8961557e+00  -4.0000000e+00
   3.3061807e+01   1.0487726e+01  -1.4951963e+01  -2.9943305e+00  -4.0000000e+00
   3.3307145e+01   1.0245043e+01  -1.4987962e+01  -3.0925053e+00  -4.0000000e+00
   3.3552484e+01   1.0000000e+01  -1.5000000e+01  -3.1415927e+00   0.0000000e+00
   3.4177484e+01   9.3750000e-00  -1.5000000e+01  -3.1415927e+00   0.0000000e+00
   3.4802484e+01   8.7500000e-00  -1.5000000e+01  -3.1415927e+00   0.0000000e+00
   3.5427484e+01   8.1250000e-00  -1.5000000e+01  -3.1415927e+00   0.0000000e+00
   3.6052484e+01   7.5000000e-00  -1.5000000e+01  -3.1415927e+00   0.0000000e+00
   3.6677484e+01   6.8750000e-00  -1.5000000e+01  -3.1415927e+00   0.0000000e+00
   3.7302484e+01   6.2500000e-00  -1.5000000e+01  -3.1415927e+00   0.0000000e+00
   3.7927484e+01   5.6250000e-00  -1.5000000e+01  -3.1415927e+00   0.0000000e+00
   3.8552484e+01   5.0000000e-00  -1.5000000e+01  -3.1906800e+00  -4.0000000e+00
   3.8797822e+01   4.7549571e-00  -1.4987962e+01  -3.2888548e+00  -4.0000000e+00
   3.9043160e+01   4.5122742e-00  -1.4951963e+01  -3.3870296e+00  -4.0000000e+00
   3.9288499e+01   4.2742883e-00  -1.4892351e+01  -3.4852044e+00  -4.0000000e+00
   3.9533837e+01   4.0432914e-00  -1.4809699e+01  -3.5833791e+00  -4.0000000e+00
   3.9779176e+01   3.8215082e-00  -1.4704803e+01  -3.6815539e+00  -4.0000000e+00
   4.0024514e+01   3.6110744e-00  -1.4578674e+01  -3.7797287e+00  -4.0000000e+00
   4.0269852e+01   3.4140168e-00  -1.4432526e+01  -3.8779034e+00  -4.0000000e+00
   4.0515191e+01   3.2322330e-00  -1.4267767e+01  -3.9760782e+00  -4.0000000e+00
   4.0760529e+01   3.0674739e-00  -1.4085983e+01  -4.0742530e+00  -4.0000000e+00
   4.1005867e+01   2.9213260e-00  -1.3888926e+01  -4.1724277e+00  -4.0000000e+00
   4.1251206e+01   2.7951968e-00  -1.3678492e+01  -4.2706025e+00  -4.0000000e+00
   4.1496544e+01   2.6903012e-00  -1.3456709e+01  -4.3687773e+00  -4.0000000e+00
   4.1741883e+01   2.6076492e-00  -1.3225712e+01  -4.4669521e+00  -4.0000000e+00
   4.1987221e+01   2.5480368e-00  -1.2987726e+01  -4.5651268e+00  -4.0000000e+00
   4.2232559e+01   2.5120382e-00  -1.2745043e+01  -4.6633016e+00  -4.0000000e+00
   4.2477898e+01   2.5000000e-00  -1.2500000e+01  -4.7123890e+00   0.0000000e+00
   4.3102898e+01   2.5000000e-00  -1.1875000e+01  -4.7123890e+00   0.0000000e+00
   4.3727898e+01   2.5000000e-00  -1.1250000e+01  -4.7123890e+00   0.0000000e+00
   4.4352898e+01   2.5000000e-00  -1.0625000e+01  -4.7123890e+00   0.0000000e+00
   4.4977898e+01   2.5000000e-00  -1.0000000e+01  -4.7123890e+00   0.0000000e+00
   4.5602898e+01   2.5000000e-00  -9.3750000e-00  -4.7123890e+00   0.0000000e+00
   4.6227898e+01   2.5000000e-00  -8.7500000e-00  -4.7123890e+00   0.0000000e+00
   4.6852898e+01   2.5000000e-00  -8.1250000e-00  -4.7123890e+00   0.0000000e+00
   4.7477898e+01   2.5000000e-00  -7.5000000e-00  -4.6633016e+00   4.0000000e+00
   4.7723236e+01   2.4879618e-00  -7.2549571e-00  -4.5651268e+00   4.0000000e+00
   4.7968574e+01   2.4519632e-00  -7.0122742e-00  -4.4669521e+00   4.0000000e+00
   4.8213913e+01   2.3923508e-00  -6.7742883e-00  -4.3687773e+00   4.0000000e+00
   4.8459251e+01   2.3096988e-00  -6.5432914e-00  -4.2706025e+00   4.0000000e+00
   4.8704589e+01   2.2048032e-00  -6.3215082e-00  -4.1724277e+00   4.0000000e+00
   4.8949928e+01   2.0786740e-00  -6.1110744e-00  -4.0742530e+00   4.0000000e+00
   4.9195266e+01   1.9325261e-00  -5.9140168e-00  -3.9760782e+00   4.0000000e+00
   4.9440605e+01   1.7677670e-00  -5.7322330e-00  -3.8779034e+00   4.0000000e+00
   4.9685943e+01   1.5859832e-00  -5.5674739e-00  -3.7797287e+00   4.0000000e+00
   4.9931281e+01   1.3889256e-00  -5.4213260e-00  -3.6815539e+00   4.0000000e+00
   5.0176620e+01   1.1784918e-00  -5.2951968e-00  -3.5833791e+00   4.0000000e+00
   5.0421958e+01   9.5670858e-01  -5.1903012e-00  -3.4852044e+00   4.0000000e+00
   5.0667296e+01   7.2571169e-01  -5.1076492e-00  -3.3870296e+00   4.0000000e+00
   5.0912635e+01   4.8772581e-01  -5.0480368e-00  -3.2888548e+00   4.0000000e+00
   5.1157973e+01   2.4504285e-01  -5.0120382e-00  -3.1906800e+00   4.0000000e+00
   5.1403312e+01   1.5308085e-15  -5.0000000e-00  -3.0925053e+00   4.0000000e+00
   5.1648650e+01  -2.4504285e-01  -5.0120382e-00  -2.9943305e+00   4.0000000e+00
   5.1893988e+01  -4.8772581e-01  -5.0480368e-00  -2.8961557e+00   4.0000000e+00
   5.2139327e+01  -7.2571169e-01  -5.1076492e-00  -2.7979810e+00   4.0000000e+00
   5.2384665e+01  -9.5670858e-01  -5.1903012e-00  -2.6998062e+00   4.0000000e+00
   5.2630003e+01  -1.1784918e-00  -5.2951968e-00  -2.6016314e+00   4.0000000e+00
   5.2875342e+01  -1.3889256e-00  -5.4213260e-00  -2.5034566e+00   4.0000000e+00
   5.3120680e+01  -1.5859832e-00  -5.5674739e-00  -2.4052819e+00   4.0000000e+00
   5.3366019e+01  -1.7677670e-00  -5.7322330e-00  -2.3071071e+00   4.0000000e+00
   5.3611357e+01  -1.9325261e-00  -5.9140168e-00  -2.2089323e+00   4.0000000e+00
   5.3856695e+01  -2.0786740e-00  -6.1110744e-00  -2.1107576e+00   4.0000000e+00
   5.4102034e+01  -2.2048032e-00  -6.3215082e-00  -2.0125828e+00   4.0000000e+00
   5.4347372e+01  -2.3096988e-00  -6.5432914e-00  -1.9144080e+00   4.0000000e+00
   5.4592710e+01  -2.3923508e-00  -6.7742883e-00  -1.8162333e+00   4.0000000e+00
   5.4838049e+01  -2.4519632e-00  -7.0122742e-00  -1.7180585e+00   4.0000000e+00
   5.5083387e+01  -2.4879618e-00  -7.2549571e-00  -1.6198837e+00   4.0000000e+00
   5.5328726e+01  -2.5000000e-00  -7.5000000e-00  -1.5707963e+00   0.0000000e+00
   5.5953726e+01  -2.5000000e-00  -8.1250000e-00  -1.5707963e+00   0.0000000e+00
   5.6578726e+01  -2.5000000e-00  -8.7500000e-00  -1.5707963e+00   0.0000000e+00
   5.7203726e+01  -2.5000000e-00  -9.3750000e-00  -1.5707963e+00   0.0000000e+00
   5.7828726e+01  -2.5000000e-00  -1.0000000e+01  -1.5707963e+00   0.0000000e+00
   5.8453726e+01  -2.5000000e-00  -1.0625000e+01  -1.5707963e+00   0.0000000e+00
   5.9078726e+01  -2.5000000e-00  -1.1250000e+01  -1.5707963e+00   0.0000000e+00
   5.9703726e+01  -2.5000000e-00  -1.1875000e+01  -1.5707963e+00   0.0000000e+00
   6.0328726e+01  -2.5000000e-00  -1.2500000e+01  -1.6198837e+00  -4.0000000e+00
   6.0574064e+01  -2.5120382e-00  -1.2745043e+01  -1.7180585e+00  -4.0000000e+00
   6.0819402e+01  -2.5480368e-00  -1.2987726e+01  -1.8162333e+00  -4.0000000e+00
   6.1064741e+01  -2.6076492e-00  -1.3225712e+01  -1.9144080e+00  -4.0000000e+00
   6.1310079e+01  -2.6903012e-00  -1.3456709e+01  -2.0125828e+00  -4.0000000e+00
   6.1555417e+01  -2.7951968e-00  -1.3678492e+01  -2.1107576e+00  -4.0000000e+00
   6.1800756e+01  -2.9213260e-00  -1.3888926e+01  -2.2089323e+00  -4.0000000e+00
   6.2046094e+01  -3.0674739e-00  -1.4085983e+01  -2.3071071e+00  -4.0000000e+00
   6.2291432e+01  -3.2322330e-00  -1.4267767e+01  -2.4052819e+00  -4.0000000e+00
   6.2536771e+01  -3.4140168e-00  -1.4432526e+01  -2.5034566e+00  -4.0000000e+00
   6.2782109e+01  -3.6110744e-00  -1.4578674e+01  -2.6016314e+00  -4.0000000e+00
   6.3027448e+01  -3.8215082e-00  -1.4704803e+01  -2.6998062e+00  -4.0000000e+00
   6.3272786e+01  -4.0432914e-00  -1.4809699e+01  -2.7979810e+00  -4.0000000e+00
   6.3518124e+01  -4.2742883e-00  -1.4892351e+01  -2.8961557e+00  -4.0000000e+00
   6.3763463e+01  -4.5122742e-00  -1.4951963e+01  -2.9943305e+00  -4.0000000e+00
   6.4008801e+01  -4.7549571e-00  -1.4987962e+01  -3.0925053e+00  -4.0000000e+00
   6.4254139e+01  -5.0000000e-00  -1.5000000e+01  -3.1906800e+00  -4.0000000e+00
   6.4499478e+01  -5.2450429e-00  -1.4987962e+01  -3.2888548e+00  -4.0000000e+00
   6.4744816e+01  -5.4877258e-00  -1.4951963e+01  -3.3870296e+00  -4.0000000e+00
   6.4990155e+01  -5.7257117e-00  -1.4892351e+01  -3.4852044e+00  -4.0000000e+00
   6.5235493e+01  -5.9567086e-00  -1.4809699e+01  -3.5833791e+00  -4.0000000e+00
   6.5480831e+01  -6.1784918e-00  -1.4704803e+01  -3.6815539e+00  -4.0000000e+00
   6.5726170e+01  -6.3889256e-00  -1.4578674e+01  -3.7797287e+00  -4.0000000e+00
   6.5971508e+01  -6.5859832e-00  -1.4432526e+01  -3.8779034e+00  -4.0000000e+00
   6.6216846e+01  -6.7677670e-00  -1.4267767e+01  -3.9760782e+00  -4.0000000e+00
   6.6462185e+01  -6.9325261e-00  -1.4085983e+01  -4.0742530e+00  -4.0000000e+00
   6.6707523e+01  -7.0786740e-00  -1.3888926e+01  -4.1724277e+00  -4.0000000e+00
   6.6952862e+01  -7.2048032e-00  -1.3678492e+01  -4.2706025e+00  -4.0000000e+00
   6.7198200e+01  -7.3096988e-00  -1.3456709e+01  -4.3687773e+00  -4.0000000e+00
   6.7443538e+01  -7.3923508e-00  -1.3225712e+01  -4.4669521e+00  -4.0000000e+00
   6.7688877e+01  -7.4519632e-00  -1.2987726e+01  -4.5651268e+00  -4.0000000e+00
   6.7934215e+01  -7.4879618e-00  -1.2745043e+01  -4.6633016e+00  -4.0000000e+00
   6.8179553e+01  -7.5000000e-00  -1.2500000e+01  -4.7123890e+00   0.0000000e+00
   6.8804553e+01  -7.5000000e-00  -1.1875000e+01  -4.7123890e+00   0.0000000e+00
   6.9429553e+01  -7.5000000e-00  -1.1250000e+01  -4.7123890e+00   0.0000000e+00
   7.0054553e+01  -7.5000000e-00  -1.0625000e+01  -4.7123890e+00   0.0000000e+00
   7.0679553e+01  -7.5000000e-00  -1.0000000e+01  -4.7123890e+00   0.0000000e+00
   7.1304553e+01  -7.5000000e-00  -9.3750000e-00  -4.7123890e+00   0.0000000e+00
   7.1929553e+01  -7.5000000e-00  -8.7500000e-00  -4.7123890e+00   0.0000000e+00
   7.2554553e+01  -7.5000000e-00  -8.1250000e-00  -4.7123890e+00   0.0000000e+00
   7.3179553e+01  -7.5000000e-00  -7.5000000e-00  -4.7123890e+00   0.0000000e+00
   7.3804553e+01  -7.5000000e-00  -6.8750000e-00  -4.7123890e+00   0.0000000e+00
   7.4429553e+01  -7.5000000e-00  -6.2500000e-00  -4.7123890e+00   0.0000000e+00
   7.5054553e+01  -7.5000000e-00  -5.6250000e-00  -4.7123890e+00   0.0000000e+00
   7.5679553e+01  -7.5000000e-00  -5.0000000e-00  -4.7123890e+00   0.0000000e+00
   7.6304553e+01  -7.5000000e-00  -4.3750000e-00  -4.7123890e+00   0.0000000e+00
   7.6929553e+01  -7.5000000e-00  -3.7500000e-00  -4.7123890e+00   0.0000000e+00
   7.7554553e+01  -7.5000000e-00  -3.1250000e-00  -4.7123890e+00   0.0000000e+00
   7.8179553e+01  -7.5000000e-00  -2.5000000e-00  -4.7614764e+00  -4.0000000e+00
   7.8424892e+01  -7.4879618e-00  -2.2549571e-00  -4.8596511e+00  -4.0000000e+00
   7.8670230e+01  -7.4519632e-00  -2.0122742e-00  -4.9578259e+00  -4.0000000e+00
   7.8915569e+01  -7.3923508e-00  -1.7742883e-00  -5.0560007e+00  -4.0000000e+00
   7.9160907e+01  -7.3096988e-00  -1.5432914e-00  -5.1541754e+00  -4.0000000e+00
   7.9406245e+01  -7.2048032e-00  -1.3215082e-00  -5.2523502e+00  -4.0000000e+00
   7.9651584e+01  -7.0786740e-00  -1.1110744e-00  -5.3505250e+00  -4.0000000e+00
   7.9896922e+01  -6.9325261e-00  -9.1401679e-01  -5.4486998e+00  -4.0000000e+00
   8.0142260e+01  -6.7677670e-00  -7.3223305e-01  -5.5468745e+00  -4.0000000e+00
   8.0387599e+01  -6.5859832e-00  -5.6747387e-01  -5.6450493e+00  -4.0000000e+00
   8.0632937e+01  -6.3889256e-00  -4.2132597e-01  -5.7432241e+00  -4.0000000e+00
   8.0878275e+01  -6.1784918e-00  -2.9519684e-01  -5.8413988e+00  -4.0000000e+00
   8.1123614e+01  -5.9567086e-00  -1.9030117e-01  -5.9395736e+00  -4.0000000e+00
   8.1368952e+01  -5.7257117e-00  -1.0764916e-01  -6.0377484e+00  -4.0000000e+00
   8.1614291e+01  -5.4877258e-00  -4.8036799e-02  -6.1359232e+00  -4.0000000e+00
   8.1859629e+01  -5.2450429e-00  -1.2038183e-02  -6.2340979e+00  -4.0000000e+00
   8.2104967e+01  -5.0000000e-00   0.0000000e+01  -6.2831853e+00   0.0000000e+00
   8.2819253e+01  -4.2857143e-00   0.0000000e+01  -6.2831853e+00   0.0000000e+00
   8.3533539e+01  -3.5714286e-00   0.0000000e+01  -6.2831853e+00   0.0000000e+00
   8.4247824e+01  -2.8571429e-00   0.0000000e+01  -6.2831853e+00   0.0000000e+00
   8.4962110e+01  -2.1428571e-00   0.0000000e+01  -6.2831853e+00   0.0000000e+00
   8.5676396e+01  -1.4285714e-00   0.0000000e+01  -6.2831853e+00   0.0000000e+00
   8.6390682e+01  -7.1428571e-01   0.0000000e+01  -6.2831853e+00   0.0000000e+00