   0.000000e+00    0.000000e+00    0.000000e+00    0.000000e+00    0.000000e+00
   2.500000e-01    2.500000e-01    0.000000e+00    0.000000e+00    0.000000e+00
   5.000000e-01    5.000000e-01    0.000000e+00    0.000000e+00    0.000000e+00
   7.500000e-01    7.500000e-01    0.000000e+00    0.000000e+00    0.000000e+00
   1.000000e+00    1.000000e+00    0.000000e+00    0.000000e+00    0.000000e+00
   1.250000e+00    1.250000e+00    0.000000e+00    0.000000e+00    0.000000e+00
   1.500000e+00    1.500000e+00    0.000000e+00    0.000000e+00    0.000000e+00
   1.750000e+00    1.750000e+00    0.000000e+00    0.000000e+00    0.000000e+00
   2.000000e+00    2.000000e+00    0.000000e+00    0.000000e+00    0.000000e+00
   2.250000e+00    2.250000e+00    0.000000e+00    0.000000e+00    0.000000e+00
   2.500000e+00    2.500000e+00    0.000000e+00    0.000000e+00    0.000000e+00
   2.750000e+00    2.750000e+00    0.000000e+00    0.000000e+00    0.000000e+00
   3.000000e+00    3.000000e+00    0.000000e+00    0.000000e+00    0.000000e+00
   3.250000e+00    3.250000e+00    0.000000e+00    0.000000e+00    0.000000e+00
   3.500000e+00    3.500000e+00    0.000000e+00    0.000000e+00    0.000000e+00
   3.750000e+00    3.750000e+00    0.000000e+00    0.000000e+00    0.000000e+00
   4.000000e+00    4.000000e+00    0.000000e+00    0.000000e+00    0.000000e+00
   4.250000e+00    4.250000e+00    0.000000e+00    0.000000e+00    0.000000e+00
   4.500000e+00    4.500000e+00    0.000000e+00    0.000000e+00    0.000000e+00
   4.750000e+00    4.750000e+00    0.000000e+00    0.000000e+00    0.000000e+00
   5.000000e+00    5.000000e+00    0.000000e+00    0.000000e+00    0.000000e+00
   5.250000e+00    5.250000e+00    0.000000e+00    0.000000e+00    0.000000e+00
   5.500000e+00    5.500000e+00    0.000000e+00    0.000000e+00    0.000000e+00
   5.750000e+00    5.750000e+00    0.000000e+00    0.000000e+00    0.000000e+00
   6.000000e+00    6.000000e+00    0.000000e+00    0.000000e+00    0.000000e+00
   6.250000e+00    6.250000e+00    0.000000e+00    0.000000e+00    0.000000e+00
   6.500000e+00    6.500000e+00    0.000000e+00    0.000000e+00    0.000000e+00
   6.750000e+00    6.750000e+00    0.000000e+00    0.000000e+00    0.000000e+00
   7.000000e+00    7.000000e+00    0.000000e+00    0.000000e+00    0.000000e+00
   7.250000e+00    7.250000e+00    0.000000e+00    0.000000e+00    0.000000e+00
   7.500000e+00    7.500000e+00    0.000000e+00    0.000000e+00    0.000000e+00
   7.750000e+00    7.750000e+00    0.000000e+00    0.000000e+00    0.000000e+00
   8.000000e+00    8.000000e+00    0.000000e+00    0.000000e+00    0.000000e+00
   8.250000e+00    8.250000e+00    0.000000e+00    0.000000e+00    0.000000e+00
   8.500000e+00    8.500000e+00    0.000000e+00    0.000000e+00    0.000000e+00
   8.750000e+00    8.750000e+00    0.000000e+00    0.000000e+00    0.000000e+00
   9.000000e+00    9.000000e+00    0.000000e+00    0.000000e+00    0.000000e+00
   9.250000e+00    9.250000e+00    0.000000e+00    0.000000e+00    0.000000e+00
   9.500000e+00    9.500000e+00    0.000000e+00    0.000000e+00    0.000000e+00
   9.750000e+00    9.750000e+00    0.000000e+00    0.000000e+00    0.000000e+00
   1.000000e+01    1.000000e+01    0.000000e+00    0.000000e+00    0.000000e+00
   1.025000e+01    1.025000e+01    0.000000e+00    0.000000e+00    0.000000e+00
   1.050000e+01    1.050000e+01    0.000000e+00    0.000000e+00    0.000000e+00
   1.075000e+01    1.075000e+01    0.000000e+00    0.000000e+00    0.000000e+00
   1.100000e+01    1.100000e+01    0.000000e+00    0.000000e+00    0.000000e+00
   1.125000e+01    1.125000e+01    0.000000e+00    0.000000e+00    0.000000e+00
   1.150000e+01    1.150000e+01    0.000000e+00    0.000000e+00    0.000000e+00
   1.175000e+01    1.175000e+01    0.000000e+00    0.000000e+00    0.000000e+00
   1.200000e+01    1.200000e+01    0.000000e+00    0.000000e+00    0.000000e+00
   1.225000e+01    1.225000e+01    0.000000e+00    0.000000e+00    0.000000e+00
   1.250000e+01    1.250000e+01    0.000000e+00    0.000000e+00    0.000000e+00
   1.275000e+01    1.275000e+01    0.000000e+00    0.000000e+00    0.000000e+00
   1.300000e+01    1.300000e+01    0.000000e+00    0.000000e+00    0.000000e+00
   1.325000e+01    1.325000e+01    0.000000e+00    0.000000e+00    0.000000e+00
   1.350000e+01    1.350000e+01    0.000000e+00    0.000000e+00    0.000000e+00
   1.375000e+01    1.375000e+01    0.000000e+00    0.000000e+00    0.000000e+00
   1.400000e+01    1.400000e+01    0.000000e+00    0.000000e+00    0.000000e+00
   1.425000e+01    1.425000e+01    0.000000e+00    0.000000e+00    0.000000e+00
   1.450000e+01    1.450000e+01    0.000000e+00    0.000000e+00    0.000000e+00
   1.475000e+01    1.475000e+01    0.000000e+00    0.000000e+00    -2.500000e-01
   1.500000e+01    1.500000e+01    0.000000e+00    -6.250000e-02    -2.500000e-01
   1.525000e+01    1.524951e+01    -1.561480e-02    -1.250000e-01    -2.500000e-01
   1.550000e+01    1.549756e+01    -4.678350e-02    -1.875000e-01    -2.500000e-01
   1.575000e+01    1.574318e+01    -9.338430e-02    -2.500000e-01    -2.500000e-01
   1.600000e+01    1.598541e+01    -1.552353e-01    -3.125000e-01    -2.500000e-01
   1.625000e+01    1.622330e+01    -2.320949e-01    -3.750000e-01    -2.500000e-01
   1.650000e+01    1.645593e+01    -3.236630e-01    -4.375000e-01    -2.500000e-01
   1.675000e+01    1.668238e+01    -4.295821e-01    -5.000000e-01    -2.500000e-01
   1.700000e+01    1.690178e+01    -5.494385e-01    -5.625000e-01    -2.500000e-01
   1.725000e+01    1.711326e+01    -6.827642e-01    -6.250000e-01    -2.500000e-01
   1.750000e+01    1.731600e+01    -8.290385e-01    -6.875000e-01    -2.500000e-01
   1.775000e+01    1.750921e+01    -9.876903e-01    -7.500000e-01    -2.500000e-01
   1.800000e+01    1.769213e+01    -1.158100e+00    -8.125000e-01    -2.500000e-01
   1.825000e+01    1.786405e+01    -1.339602e+00    -8.750000e-01    -2.500000e-01
   1.850000e+01    1.802430e+01    -1.531488e+00    -9.375000e-01    -2.500000e-01
   1.875000e+01    1.817225e+01    -1.733008e+00    -1.000000e+00    -2.500000e-01
   1.900000e+01    1.830733e+01    -1.943376e+00    -1.062500e+00    -2.500000e-01
   1.925000e+01    1.842900e+01    -2.161770e+00    -1.125000e+00    -2.500000e-01
   1.950000e+01    1.853679e+01    -2.387337e+00    -1.187500e+00    -2.500000e-01
   1.975000e+01    1.863029e+01    -2.619196e+00    -1.250000e+00    -2.500000e-01
   2.000000e+01    1.870912e+01    -2.856442e+00    -1.312500e+00    -2.500000e-01
   2.025000e+01    1.877298e+01    -3.098149e+00    -1.375000e+00    -2.500000e-01
   2.050000e+01    1.882161e+01    -3.343372e+00    -1.437500e+00    -2.500000e-01
   2.075000e+01    1.885484e+01    -3.591154e+00    -1.500000e+00    -2.500000e-01
   2.100000e+01    1.887252e+01    -3.840528e+00    -1.562500e+00    -2.500000e-01
   2.125000e+01    1.887460e+01    -4.090519e+00    -1.625000e+00    -2.500000e-01
   2.150000e+01    1.886105e+01    -4.340152e+00    -1.687500e+00    -2.500000e-01
   2.175000e+01    1.883194e+01    -4.588452e+00    -1.750000e+00    -2.500000e-01
   2.200000e+01    1.878738e+01    -4.834448e+00    -1.812500e+00    -2.500000e-01
   2.225000e+01    1.872754e+01    -5.077181e+00    -1.875000e+00    -2.500000e-01
   2.250000e+01    1.865266e+01    -5.315703e+00    -1.937500e+00    -2.500000e-01
   2.275000e+01    1.856302e+01    -5.549081e+00    -2.000000e+00    -2.500000e-01
   2.300000e+01    1.845899e+01    -5.776406e+00    -2.062500e+00    -2.500000e-01
   2.325000e+01    1.834096e+01    -5.996788e+00    -2.125000e+00    -2.500000e-01
   2.350000e+01    1.820939e+01    -6.209368e+00    -2.187500e+00    -2.500000e-01
   2.375000e+01    1.806480e+01    -6.413315e+00    -2.250000e+00    -2.500000e-01
   2.400000e+01    1.790776e+01    -6.607833e+00    -2.312500e+00    -2.500000e-01
   2.425000e+01    1.773887e+01    -6.792163e+00    -2.375000e+00    -2.500000e-01
   2.450000e+01    1.755880e+01    -6.965584e+00    -2.437500e+00    -2.500000e-01
   2.475000e+01    1.736825e+01    -7.127420e+00    -2.500000e+00    -2.500000e-01
   2.500000e+01    1.716797e+01    -7.277038e+00    -2.562500e+00    -2.500000e-01
   2.525000e+01    1.695873e+01    -7.413854e+00    -2.625000e+00    -2.500000e-01
   2.550000e+01    1.674135e+01    -7.537334e+00    -2.687500e+00    -2.500000e-01
   2.575000e+01    1.651668e+01    -7.646996e+00    -2.750000e+00    -2.500000e-01
   2.600000e+01    1.628561e+01    -7.742411e+00    -2.812500e+00    -2.500000e-01
   2.625000e+01    1.604902e+01    -7.823207e+00    -2.875000e+00    -2.500000e-01
   2.650000e+01    1.580786e+01    -7.889069e+00    -2.937500e+00    -2.500000e-01
   2.675000e+01    1.556305e+01    -7.939739e+00    -3.000000e+00    -2.500000e-01
   2.700000e+01    1.531555e+01    -7.975019e+00    -3.062500e+00    -2.500000e-01
   2.725000e+01    1.506633e+01    -7.994771e+00    -3.125000e+00    -2.500000e-01
   2.750000e+01    1.481636e+01    -7.998919e+00    -3.187500e+00    -2.500000e-01
   2.775000e+01    1.456663e+01    -7.987446e+00    -3.250000e+00    -2.500000e-01
   2.800000e+01    1.431809e+01    -7.960398e+00    -3.312500e+00    -2.500000e-01
   2.825000e+01    1.407174e+01    -7.917878e+00    -3.375000e+00    -2.500000e-01
   2.850000e+01    1.382852e+01    -7.860055e+00    -3.437500e+00    -2.500000e-01
   2.875000e+01    1.358938e+01    -7.787153e+00    -3.500000e+00    -2.500000e-01
   2.900000e+01    1.335527e+01    -7.699457e+00    -3.562500e+00    -2.500000e-01
   2.925000e+01    1.312709e+01    -7.597310e+00    -3.625000e+00    -2.500000e-01
   2.950000e+01    1.290573e+01    -7.481110e+00    -3.687500e+00    -2.500000e-01
   2.975000e+01    1.269207e+01    -7.351312e+00    -3.750000e+00    -2.500000e-01
   3.000000e+01    1.248693e+01    -7.208422e+00    -3.812500e+00    -2.500000e-01
   3.025000e+01    1.229111e+01    -7.052997e+00    -3.875000e+00    -2.500000e-01
   3.050000e+01    1.210539e+01    -6.885646e+00    -3.937500e+00    -2.500000e-01
   3.075000e+01    1.193048e+01    -6.707021e+00    -4.000000e+00    -2.500000e-01
   3.100000e+01    1.176707e+01    -6.517821e+00    -4.062500e+00    -2.500000e-01
   3.125000e+01    1.161580e+01    -6.318783e+00    -4.125000e+00    0.000000e+00
   3.150000e+01    1.147725e+01    -6.110686e+00    -4.125000e+00    0.000000e+00
   3.175000e+01    1.133870e+01    -5.902588e+00    -4.125000e+00    0.000000e+00
   3.200000e+01    1.120015e+01    -5.694490e+00    -4.125000e+00    0.000000e+00
   3.225000e+01    1.106161e+01    -5.486393e+00    -4.125000e+00    0.000000e+00
   3.250000e+01    1.092306e+01    -5.278295e+00    -4.125000e+00    0.000000e+00
   3.275000e+01    1.078451e+01    -5.070198e+00    -4.125000e+00    0.000000e+00
   3.300000e+01    1.064596e+01    -4.862100e+00    -4.125000e+00    0.000000e+00
   3.325000e+01    1.050742e+01    -4.654002e+00    -4.125000e+00    0.000000e+00
   3.350000e+01    1.036887e+01    -4.445905e+00    -4.125000e+00    0.000000e+00
   3.375000e+01    1.023032e+01    -4.237807e+00    -4.125000e+00    0.000000e+00
   3.400000e+01    1.009177e+01    -4.029710e+00    -4.125000e+00    0.000000e+00
   3.425000e+01    9.953226e+00    -3.821612e+00    -4.125000e+00    0.000000e+00
   3.450000e+01    9.814679e+00    -3.613514e+00    -4.125000e+00    0.000000e+00
   3.475000e+01    9.676132e+00    -3.405417e+00    -4.125000e+00    0.000000e+00
   3.500000e+01    9.537584e+00    -3.197319e+00    -4.125000e+00    0.000000e+00
   3.525000e+01    9.399037e+00    -2.989222e+00    -4.125000e+00    0.000000e+00
   3.550000e+01    9.260490e+00    -2.781124e+00    -4.125000e+00    0.000000e+00
   3.575000e+01    9.121942e+00    -2.573026e+00    -4.125000e+00    0.000000e+00
   3.600000e+01    8.983395e+00    -2.364929e+00    -4.125000e+00    0.000000e+00
   3.625000e+01    8.844847e+00    -2.156831e+00    -4.125000e+00    0.000000e+00
   3.650000e+01    8.706300e+00    -1.948734e+00    -4.125000e+00    0.000000e+00
   3.675000e+01    8.567752e+00    -1.740636e+00    -4.125000e+00    0.000000e+00
   3.700000e+01    8.429205e+00    -1.532538e+00    -4.125000e+00    0.000000e+00
   3.725000e+01    8.290658e+00    -1.324441e+00    -4.125000e+00    0.000000e+00
   3.750000e+01    8.152110e+00    -1.116343e+00    -4.125000e+00    0.000000e+00
   3.775000e+01    8.013563e+00    -9.082456e-01    -4.125000e+00    0.000000e+00
   3.800000e+01    7.875015e+00    -7.001480e-01    -4.125000e+00    0.000000e+00
   3.825000e+01    7.736468e+00    -4.920504e-01    -4.125000e+00    0.000000e+00
   3.850000e+01    7.597921e+00    -2.839528e-01    -4.125000e+00    0.000000e+00
   3.875000e+01    7.459373e+00    -7.585520e-02    -4.125000e+00    0.000000e+00
   3.900000e+01    7.320826e+00    1.322424e-01    -4.125000e+00    0.000000e+00
   3.925000e+01    7.182278e+00    3.403400e-01    -4.125000e+00    0.000000e+00
   3.950000e+01    7.043731e+00    5.484376e-01    -4.125000e+00    0.000000e+00
   3.975000e+01    6.905184e+00    7.565352e-01    -4.125000e+00    0.000000e+00
   4.000000e+01    6.766636e+00    9.646328e-01    -4.125000e+00    0.000000e+00
   4.025000e+01    6.628089e+00    1.172730e+00    -4.125000e+00    0.000000e+00
   4.050000e+01    6.489541e+00    1.380828e+00    -4.125000e+00    0.000000e+00
   4.075000e+01    6.350994e+00    1.588926e+00    -4.125000e+00    0.000000e+00
   4.100000e+01    6.212447e+00    1.797023e+00    -4.125000e+00    0.000000e+00
   4.125000e+01    6.073899e+00    2.005121e+00    -4.125000e+00    0.000000e+00
   4.150000e+01    5.935352e+00    2.213218e+00    -4.125000e+00    0.000000e+00
   4.175000e+01    5.796805e+00    2.421316e+00    -4.125000e+00    0.000000e+00
   4.200000e+01    5.658257e+00    2.629414e+00    -4.125000e+00    0.000000e+00
   4.225000e+01    5.519710e+00    2.837511e+00    -4.125000e+00    0.000000e+00
   4.250000e+01    5.381162e+00    3.045609e+00    -4.125000e+00    0.000000e+00
   4.275000e+01    5.242615e+00    3.253706e+00    -4.125000e+00    0.000000e+00
   4.300000e+01    5.104068e+00    3.461804e+00    -4.125000e+00    0.000000e+00
   4.325000e+01    4.965520e+00    3.669902e+00    -4.125000e+00    0.000000e+00
   4.350000e+01    4.826973e+00    3.877999e+00    -4.125000e+00    0.000000e+00
   4.375000e+01    4.688425e+00    4.086097e+00    -4.125000e+00    0.000000e+00
   4.400000e+01    4.549878e+00    4.294194e+00    -4.125000e+00    0.000000e+00
   4.425000e+01    4.411331e+00    4.502292e+00    -4.125000e+00    0.000000e+00
   4.450000e+01    4.272783e+00    4.710390e+00    -4.125000e+00    0.000000e+00
   4.475000e+01    4.134236e+00    4.918487e+00    -4.125000e+00    0.000000e+00
   4.500000e+01    3.995688e+00    5.126585e+00    -4.125000e+00    0.000000e+00
   4.525000e+01    3.857141e+00    5.334682e+00    -4.125000e+00    0.000000e+00
   4.550000e+01    3.718593e+00    5.542780e+00    -4.125000e+00    0.000000e+00
   4.575000e+01    3.580046e+00    5.750878e+00    -4.125000e+00    0.000000e+00
   4.600000e+01    3.441499e+00    5.958975e+00    -4.125000e+00    0.000000e+00
   4.625000e+01    3.302951e+00    6.167073e+00    -4.125000e+00    2.500000e-01
   4.650000e+01    3.164404e+00    6.375170e+00    -4.062500e+00    2.500000e-01
   4.675000e+01    3.013129e+00    6.574208e+00    -4.000000e+00    2.500000e-01
   4.700000e+01    2.849718e+00    6.763409e+00    -3.937500e+00    2.500000e-01
   4.725000e+01    2.674809e+00    6.942033e+00    -3.875000e+00    2.500000e-01
   4.750000e+01    2.489085e+00    7.109385e+00    -3.812500e+00    2.500000e-01
   4.775000e+01    2.293270e+00    7.264809e+00    -3.750000e+00    2.500000e-01
   4.800000e+01    2.088131e+00    7.407699e+00    -3.687500e+00    2.500000e-01
   4.825000e+01    1.874466e+00    7.537497e+00    -3.625000e+00    2.500000e-01
   4.850000e+01    1.653112e+00    7.653697e+00    -3.562500e+00    2.500000e-01
   4.875000e+01    1.424933e+00    7.755844e+00    -3.500000e+00    2.500000e-01
   4.900000e+01    1.190819e+00    7.843540e+00    -3.437500e+00    2.500000e-01
   4.925000e+01    9.516840e-01    7.916442e+00    -3.375000e+00    2.500000e-01
   4.950000e+01    7.084630e-01    7.974266e+00    -3.312500e+00    2.500000e-01
   4.975000e+01    4.621053e-01    8.016785e+00    -3.250000e+00    2.500000e-01
   5.000000e+01    2.135729e-01    8.043834e+00    -3.187500e+00    2.500000e-01
   5.025000e+01    -3.616370e-02    8.055306e+00    -3.125000e+00    2.500000e-01
   5.050000e+01    -2.861293e-01    8.051158e+00    -3.062500e+00    2.500000e-01
   5.075000e+01    -5.353478e-01    8.031406e+00    -3.000000e+00    2.500000e-01
   5.100000e+01    -7.828459e-01    7.996126e+00    -2.937500e+00    2.500000e-01
   5.125000e+01    -1.027657e+00    7.945456e+00    -2.875000e+00    2.500000e-01
   5.150000e+01    -1.268826e+00    7.879595e+00    -2.812500e+00    2.500000e-01
   5.175000e+01    -1.505410e+00    7.798799e+00    -2.750000e+00    2.500000e-01
   5.200000e+01    -1.736485e+00    7.703383e+00    -2.687500e+00    2.500000e-01
   5.225000e+01    -1.961150e+00    7.593722e+00    -2.625000e+00    2.500000e-01
   5.250000e+01    -2.178527e+00    7.470241e+00    -2.562500e+00    2.500000e-01
   5.275000e+01    -2.387767e+00    7.333425e+00    -2.500000e+00    2.500000e-01
   5.300000e+01    -2.588053e+00    7.183807e+00    -2.437500e+00    2.500000e-01
   5.325000e+01    -2.778603e+00    7.021972e+00    -2.375000e+00    2.500000e-01
   5.350000e+01    -2.958672e+00    6.848550e+00    -2.312500e+00    2.500000e-01
   5.375000e+01    -3.127559e+00    6.664221e+00    -2.250000e+00    2.500000e-01
   5.400000e+01    -3.284602e+00    6.469702e+00    -2.187500e+00    2.500000e-01
   5.425000e+01    -3.429189e+00    6.265755e+00    -2.125000e+00    2.500000e-01
   5.450000e+01    -3.560756e+00    6.053175e+00    -2.062500e+00    2.500000e-01
   5.475000e+01    -3.678788e+00    5.832793e+00    -2.000000e+00    2.500000e-01
   5.500000e+01    -3.782825e+00    5.605468e+00    -1.937500e+00    2.500000e-01
   5.525000e+01    -3.872460e+00    5.372090e+00    -1.875000e+00    2.500000e-01
   5.550000e+01    -3.947343e+00    5.133568e+00    -1.812500e+00    2.500000e-01
   5.575000e+01    -4.007182e+00    4.890835e+00    -1.750000e+00    2.500000e-01
   5.600000e+01    -4.051744e+00    4.644839e+00    -1.687500e+00    2.500000e-01
   5.625000e+01    -4.080854e+00    4.396539e+00    -1.625000e+00    2.500000e-01
   5.650000e+01    -4.094398e+00    4.146907e+00    -1.562500e+00    2.500000e-01
   5.675000e+01    -4.092324e+00    3.896915e+00    -1.500000e+00    2.500000e-01
   5.700000e+01    -4.074639e+00    3.647541e+00    -1.437500e+00    2.500000e-01
   5.725000e+01    -4.041414e+00    3.399759e+00    -1.375000e+00    2.500000e-01
   5.750000e+01    -3.992777e+00    3.154536e+00    -1.312500e+00    2.500000e-01
   5.775000e+01    -3.928919e+00    2.912829e+00    -1.250000e+00    2.500000e-01
   5.800000e+01    -3.850088e+00    2.675583e+00    -1.187500e+00    2.500000e-01
   5.825000e+01    -3.756593e+00    2.443724e+00    -1.125000e+00    2.500000e-01
   5.850000e+01    -3.648799e+00    2.218157e+00    -1.062500e+00    2.500000e-01
   5.875000e+01    -3.527127e+00    1.999763e+00    -1.000000e+00    2.500000e-01
   5.900000e+01    -3.392051e+00    1.789396e+00    -9.375000e-01    2.500000e-01
   5.925000e+01    -3.244100e+00    1.587875e+00    -8.750000e-01    2.500000e-01
   5.950000e+01    -3.083851e+00    1.395989e+00    -8.125000e-01    2.500000e-01
   5.975000e+01    -2.911929e+00    1.214487e+00    -7.500000e-01    2.500000e-01
   6.000000e+01    -2.729007e+00    1.044077e+00    -6.875000e-01    2.500000e-01
   6.025000e+01    -2.535798e+00    8.854257e-01    -6.250000e-01    2.500000e-01
   6.050000e+01    -2.333057e+00    7.391514e-01    -5.625000e-01    2.500000e-01
   6.075000e+01    -2.121576e+00    6.058257e-01    -5.000000e-01    2.500000e-01
   6.100000e+01    -1.902181e+00    4.859693e-01    -4.375000e-01    2.500000e-01
   6.125000e+01    -1.675727e+00    3.800502e-01    -3.750000e-01    2.500000e-01
   6.150000e+01    -1.443100e+00    2.884821e-01    -3.125000e-01    2.500000e-01
   6.175000e+01    -1.205208e+00    2.116225e-01    -2.500000e-01    2.500000e-01
   6.200000e+01    -9.629804e-01    1.497715e-01    -1.875000e-01    2.500000e-01
   6.225000e+01    -7.173621e-01    1.031707e-01    -1.250000e-01    2.500000e-01
   6.250000e+01    -4.693127e-01    7.200200e-02    -6.250000e-02    2.500000e-01
   6.275000e+01    -2.198008e-01    5.638720e-02    0.000000e+00    2.500000e-01